(-97,38)(55,-92)
(-21,-67)(81,36)
(74,-64)(-88,84)
(-13,71)(96,-69)
(-84,75)(62,86)
(-49,-96)(79,-15)
(68,62)(-35,-86)
(52,48)(-18,-69)
(-60,31)(47,-88)
(-29,86)(-56,-85)
(-81,52)(18,-47)
(56,18)(-38,29)
(92,-26)(-98,14)
(-5,92)(39,60)
(86,-34)(-78,56)
(31,86)(-98,48)
(-76,19)(52,-38)
(-63,-49)(36,32)
(84,-88)(-53,68)
(-65,82)(28,-48)
(-35,75)(66,-64)
(55,77)(-15,-71)
(-89,-57)(74,61)
(85,-39)(-45,47)
(-67,38)(15,-70)
(-24,52)(96,-19)
(-94,-26)(47,75)
(71,55)(-35,-94)
(57,-86)(-79,68)
(-31,88)(78,-51)