(-61,-80)(76,25)
(95,-57)(-67,-39)
(-79,-15)(-91,64)
(65,89)(-99,33)
(-55,94)(-78,-80)
(97,-62)(-78,-2)
(-73,-51)(-45,-48)
(-51,-83)(-15,83)
(81,16)(92,-41)
(-70,98)(-48,-54)
(-15,-91)(-86,43)
(28,77)(60,-70)
(25,95)(73,-94)
(81,22)(-48,-72)
(-51,91)(-16,-61)
(-74,38)(-63,-94)
(-80,45)(-23,-23)
(-63,-58)(-90,-47)
(-96,57)(-4,92)
(-54,-67)(-82,-66)
(-78,-46)(-9,-89)
(52,-98)(-85,83)
(-60,48)(-56,63)
(57,92)(30,58)
(32,95)(42,-84)
(18,-60)(-29,-52)
(71,-28)(-91,-38)
(84,-77)(-52,39)
(-94,-25)(-29,48)
(85,-91)(17,-87)